1						0.924608832318	
2						0.803740378938	
3						0.343063285496	
4						0.906029588044	
5						0.982037596525	
6						0.061181489108	
7						0.306545540219	
8						1.10778036262	
9						1.2432519016	
10						0.970750233367	
11						1.10909897591	
12						0.186439951156	
13						1.22014812049	
14						1.13948931099	
15						0.566614635255	
16						1.44715878915	
17						1.86522566009	
18						0.551532337756	
19						1.22103476441	
20						0.894397732632	
21						1.13966612473	
22						1.61157121385	
23						0.896140018131	
24						0.956641120449	
25						1.18803497521	
26						0.36010078627	
27						0.977967173624	
28						0.775374295603	
29						1.7322826711	
30						1.39419355466	
31						1.13657902643	
32						0.859902000896	
33						0.954207766205	
34						1.6103773864	
35						0.472549543871	
36						1.05058440851	
37						0.995052178526	
38						1.12104250324	
39						0.849827025432	
40						1.18543905937	
41						1.3184238334	
42						0.916878281416	
43						1.21256399743	
44						0.874564511046	
45						0.98162071167	
46						0.830368493917	
47						1.22731171892	
48						0.706781689703	
49						1.30551710751	
50						0.505429487639	
51						0.349823824677	
52						1.15074433377	
53						0.590184180876	
54						1.04644618487	
55						1.02246156919	
56						1.27476396732	
57						1.15635348312	
58						0.539814910701	
59						0.645590349814	
60						0.858550070305	
61						0.700366942656	
62						1.25632302206	
63						1.24844674782	
64						1.01879587354	
65						1.14145338228	
66						1.32591957399	
67						0.309441129346	
68						0.317393470727	
69						1.51971711056	
70						0.988806254688	
71						0.715454356618	
72						0.582276115547	
73						0.91678617359	
74						0.332181473266	
75						1.00693638723	
76						0.649933579676	
77						0.946585309238	
78						1.40246893933	
79						1.82487195422	
80						0.241035578629	
81						0.782668382518	
82						1.37756763483	
83						0.939626751108	
84						1.1303925635	
85						1.55825999739	
86						0.91637913853	
87						0.490896683565	
88						0.297750507594	
89						1.22342723317	
90						1.03000224793	
91						1.03620272893	
92						1.30323435662	
93						0.343789917269	
94						1.22497036535	
95						1.20095119389	
96						1.14256774216	
97						0.772478161827	
98						0.510388774928	
99						1.07875059753	
100						1.07330298701	
101						1.05675541334	
102						0.999071081692	
103						0.405067875536	
104						1.09394367438	
105						0.406380418224	
106						1.06895939725	
107						1.5001347194	
108						0.256941145047	
109						1.06644757552	
110						1.34086084206	
111						0.981747430646	
112						0.82548294047	
113						1.07312929366	
114						1.63367450886	
115						0.247271639403	
116						0.433182308247	
117						1.15337552216	
118						1.46765804273	
119						1.4790581296	
120						1.27372669443	
121						1.37657434289	
122						0.180465794691	
123						0.735524626375	
124						0.954121540869	
125						0.28488777931	
126						0.781227355675	
127						0.666194171328	
128						0.234271654347	
129						0.79017854882	
130						1.12767584046	
131						1.25639258915	
132						0.515626347052	
133						0.845186191529	
134						0.789175090347	
135						0.878899463679	
136						1.20794161641	
137						0.797981217728	
138						0.515358262264	
139						1.06512190485	
140						0.450770474321	
141						1.88739138973	
142						1.28204932	
143						1.9643970362	
144						1.65924620252	
145						1.13431397762	
146						0.847444833281	
147						1.26598317633	
148						0.748472611034	
149						0.365004118493	
150						1.54263894056	
151						1.57530122505	
152						0.629493851903	
153						1.05464659339	
154						0.936744505674	
155						0.529693774353	
156						1.14682224452	
157						0.992695078958	
158						0.440594046042	
159						1.11507043123	
160						1.32365016742	
161						1.56270546112	
162						0.647779904175	
163						1.60088463403	
164						1.11385957373	
165						1.14148805386	
166						0.97081816867	
167						0.281401670795	
168						1.40168348058	
169						1.11776310299	
170						1.44676538035	
171						0.561867633413	
172						0.567922308208	
173						0.913744809055	
174						0.950305734532	
175						0.896009106133	
176						0.280211744252	
177						0.978562643213	
178						1.4837802236	
179						0.984312856933	
180						0.651644670341	
181						1.41688244743	
182						1.02542312469	
183						1.21586486082	
184						0.612020508592	
185						0.607178457571	
186						1.85913846503	
187						0.477406511819	
188						0.859024772031	
189						0.876268661795	
190						1.20136995439	
191						0.614147280184	
192						0.0898488861351	
193						0.745976584216	
194						1.75167070509	
195						0.893605377721	
196						1.08778032097	
197						1.44634294009	
198						0.274982137291	
199						1.06057742448	
200						0.79777266965	
201						0.936048021063	
202						1.19655045883	
203						0.246184379781	
204						1.08191397814	
205						1.11727737752	
206						0.804337433829	
207						1.29938254223	
208						0.90683763003	
209						0.942988323666	
210						1.65022351353	
211						0.971712990208	
212						1.40646281681	
213						1.01150443011	
214						1.76625449695	
215						0.657445316164	
216						1.09254850701	
217						1.00995552915	
218						0.666983319952	
219						0.712777263861	
220						1.35776882466	
221						0.826815976605	
222						1.43574045974	
223						1.42376430593	
224						1.50992806406	
225						0.81044456435	
226						0.895427941385	
227						1.27619629273	
228						1.66775442249	
229						1.24350689121	
230						1.31476403372	
231						1.16173948982	
232						0.768768302596	
233						1.37242282508	
234						1.48072765994	
235						0.411834411937	
236						0.859939317633	
237						0.532904098243	
238						0.549195087075	
239						1.10871031619	
240						0.669731946878	
241						1.00744537306	
242						1.36906523356	
243						0.845482668636	
244						1.05318000742	
245						1.43497673587	
246						0.703476651069	
247						1.63708285325	
248						1.15530912317	
249						1.13512572556	
250						0.966656989166	
251						1.57552018348	
252						0.804896035412	
253						0.286718535667	
254						0.500370688889	
255						0.597287387621	
256						1.72405037443	
257						0.88122420045	
258						0.832553816218	
259						0.966648772492	
260						1.09081354005	
261						1.48228844018	
262						1.09200869533	
263						0.581356761758	
264						0.796065098586	
265						1.2113570919	
266						0.932931925404	
267						0.794610964604	
268						0.996219395208	
269						1.17871356195	
270						1.03282975787	
271						0.663276638201	
272						1.69410249018	
273						0.864890667962	
274						0.941503618066	
275						1.48557531599	
276						1.02161938397	
277						0.95362212532	
278						1.17096596271	
279						0.955245013709	
280						0.672389923715	
281						0.777229584502	
282						1.09811355468	
283						0.589212178486	
284						0.99118898858	
285						1.37889152365	
286						1.5228354442	
287						1.91013936314	
288						1.5135721616	
289						1.15441884739	
290						0.37875260652	
291						0.0196959826928	
292						1.04186114518	
293						1.70054725826	
294						1.19646700886	
295						0.527992749567	
296						1.54799249781	
297						0.259535814128	
298						1.11430712118	
299						0.762882217445	
300						1.37611000722	
301						0.740122831776	
302						0.395328549921	
303						1.05692391521	
304						0.128599336724	
305						1.23061580283	
306						0.802989123361	
307						1.09077633963	
308						0.842121944233	
309						1.3292761427	
310						0.200327751272	
311						0.406312862265	
312						0.716251007594	
313						1.81442043962	
314						1.03527454974	
315						1.25515390357	
316						1.12585146635	
317						1.01212207778	
318						0.791209423797	
319						0.87483734271	
320						0.956825209908	
321						0.786230436126	
322						1.05614591254	
323						0.826054726178	
324						1.38731482637	
325						1.02556951735	
326						0.613557322064	
327						1.00921020552	
328						0.785878946683	
329						1.17542193268	
330						0.0501693531271	
331						1.38097612145	
332						1.59806753626	
333						1.56318427711	
334						0.474270661725	
335						0.850903769462	
336						0.736407500484	
337						0.633310235906	
338						1.26359860911	
339						1.06318657163	
340						0.354363576865	
341						0.62333104336	
342						0.71947292512	
343						1.20256837702	
344						1.10631934022	
345						0.500256856395	
346						0.121374890769	
347						1.4639590467	
348						0.614067473129	
349						0.88911353041	
350						0.986238130533	
351						1.25217851042	
352						1.60971809937	
353						1.12493638497	
354						0.804976931434	
355						0.487742715016	
356						0.0346289618538	
357						1.33061555958	
358						0.873262699299	
359						0.853867051794	
360						0.858363909931	
361						1.31359697805	
362						0.65827505819	
363						0.626474891451	
364						1.89097124284	
365						1.29387821147	
366						0.706008074602	
367						1.06400136846	
368						1.44040865476	
369						0.954585973761	
370						1.15319058915	
371						1.41270787329	
372						1.07166162536	
373						1.10935035944	
374						1.24237347096	
375						1.04178427778	
376						1.39970392474	
377						0.956658595787	
378						0.412335683246	
379						0.705363339968	
380						1.35863135014	
381						0.411477337396	
382						1.12232931331	
383						1.27477362962	
384						1.12768778119	
385						0.689057757561	
386						0.979123990701	
387						0.998633704891	
388						1.13418990331	
389						0.258829728617	
390						0.635821177543	
391						0.976382446784	
392						0.970551001123	
393						1.54989175331	
394						0.805537381123	
395						0.811740677521	
396						1.69598614349	
397						1.74942219524	
398						1.33511396717	
399						0.222117308731	
400						1.67536546812	
401						0.362224270899	
402						1.61050452	
403						0.828826131072	
404						0.555645734846	
405						0.366630089214	
406						0.648369370486	
407						1.51971632843	
408						1.4237445789	
409						0.785484104395	
410						0.994779647367	
411						1.03476093818	
412						1.9441525676	
413						1.80214510162	
414						1.85225562978	
415						1.69000129327	
416						1.25415913798	
417						1.34293643088	
418						0.597847126954	
419						0.567458228478	
420						0.357527720905	
421						1.15555624635	
422						0.324092859674	
423						1.53322373699	
424						0.37069911603	
425						1.50867170725	
426						1.30607954684	
427						1.05634830405	
428						0.628316519636	
429						1.01146623075	
430						1.03361232652	
431						0.667399447546	
432						0.0612056771144	
433						1.56801791678	
434						1.52734219697	
435						1.78926886794	
436						0.703264337087	
437						0.0772871945269	
438						1.84535001747	
439						0.71771912007	
440						0.216376481755	
441						0.767966959699	
442						0.837393857412	
443						0.663709286182	
444						0.990697805138	
445						1.11517040372	
446						0.909968861845	
447						0.794153593012	
448						1.68749338104	
449						0.933781244361	
450						1.29165814038	
451						0.54109980239	
452						1.51774485863	
453						0.774395104958	
454						0.642462472649	
455						0.982379478254	
456						1.18025704015	
457						0.809349513736	
458						0.983852691556	
459						0.954049939445	
460						0.830526299902	
461						0.402508801911	
462						1.58887024266	
463						0.746588466749	
464						1.39220729085	
465						1.37599223605	
466						0.646277554393	
467						0.235798241007	
468						1.18927660175	
469						1.29950807708	
470						1.33190756715	
471						1.08829709498	
472						1.48923475773	
473						1.18581221938	
474						1.39073678375	
475						1.17088804555	
476						1.16818806368	
477						1.61580974176	
478						0.564611329938	
479						0.890176374023	
480						0.662936515634	
481						1.3075641771	
482						1.18282399387	
483						0.643709806834	
484						0.580268816923	
485						1.08018850022	
486						0.281490380759	
487						1.53326502968	
488						1.76700247191	
489						0.556720713589	
490						1.09568387233	
491						0.233284040394	
492						0.710749533464	
493						1.89714988149	
494						0.411392155429	
495						0.699590792488	
496						1.03038938771	
497						1.41553165659	
498						0.955415073318	
499						1.12983421565	
500						0.981307298684	
501						0.425052459016	
502						1.18453319391	
503						0.696415661548	
504						1.13210221528	
505						1.18818416972	
506						1.12124800929	
507						0.638750086343	
508						0.961866291931	
509						1.17751848501	
510						1.55467428711	
511						0.45290834778	
512						0.745443535928	
513						0.658583917038	
514						1.05993320731	
515						0.792755561888	
516						0.468537464727	
517						0.500537384784	
518						1.57492073051	
519						1.37840817096	
520						1.20321051417	
521						1.25408077261	
522						0.988197244922	
523						1.69544074729	
524						0.253458941307	
525						1.1058757362	
526						1.52356230523	
527						1.66195738825	
528						0.567629280313	
529						1.05710023184	
530						1.11287670691	
531						0.20252850556	
532						0.35370837093	
533						1.60309232875	
534						0.668276384338	
535						1.45472059283	
536						1.00816298281	
537						0.773571775141	
538						0.889691883641	
539						1.32248573078	
540						1.11269074384	
541						0.809355559963	
542						0.984024834868	
543						0.689691454475	
544						0.679289658854	
545						0.87393257318	
546						0.399586741363	
547						1.42560643355	
548						0.469456947276	
549						0.682620697254	
550						0.997053489781	
551						0.789809768923	
552						1.00936556973	
553						0.681060832245	
554						1.31319415666	
555						1.27101861417	
556						0.47399016117	
557						1.0605233302	
558						0.319152258526	
559						0.584041668907	
560						0.598954476149	
561						0.95093563398	
562						1.4501992579	
563						0.376597721266	
564						1.32351200821	
565						0.597715557577	
566						1.2986739271	
567						0.942487528084	
568						0.925999297007	
569						0.579144367258	
570						1.3272151992	
571						1.02097948581	
572						1.5960634281	
573						0.309106263049	
574						0.911161537308	
575						1.79947799021	
576						1.4646471286	
577						0.882400339575	
578						0.693999512057	
579						0.50893245236	
580						1.18174830312	
581						1.0222171043	
582						1.13771896875	
583						0.328705890845	
584						1.65478861009	
585						0.0534927760998	
586						1.50504503568	
587						0.193845564089	
588						0.931387612581	
589						0.810455109606	
590						0.28358241829	
591						0.98963046571	
592						1.06580300913	
593						0.566421606887	
594						1.35906623269	
595						1.52643549426	
596						1.71926813388	
597						0.835827799768	
598						1.6488575062	
599						0.585903923198	
600						0.580706640411	
601						0.373919986619	
602						1.38489304807	
603						0.986984437098	
604						0.574273356727	
605						0.811032718779	
606						1.16849367162	
607						0.600852767262	
608						0.884624667077	
609						1.03451945355	
610						1.26231969123	
611						1.08196750482	
612						1.0506735686	
613						0.696786465056	
614						0.855821071766	
615						1.73432035253	
616						0.593294883463	
617						1.15736296823	
618						1.26308139259	
619						1.10676218072	
620						0.879753515522	
621						0.602200968138	
622						0.129610466899	
623						0.446593160912	
624						1.0928252603	
625						1.29187781208	
626						0.425650701087	
627						1.08829027579	
628						0.55524448871	
629						0.572496741574	
630						1.07723805943	
631						1.38096953846	
632						0.919591420732	
633						0.572292028301	
634						1.48367155846	
635						1.14696480313	
636						1.39538284537	
637						1.19818324105	
638						1.67962220852	
639						1.13469435626	
640						1.20036288809	
641						0.81878825578	
642						1.25502085849	
643						1.26962297292	
644						1.19116178847	
645						1.33095545794	
646						1.16963518717	
647						0.626597182518	
648						1.62699218153	
649						0.730966121344	
650						1.84021676086	
651						0.288331786589	
652						1.24447013842	
653						0.73405226494	
654						1.2690244221	
655						1.2094576415	
656						0.297089296466	
657						1.2478864327	
658						0.717881694287	
659						1.17566918943	
660						1.13669245376	
661						0.854415269293	
662						0.992943266615	
663						1.34122820472	
664						1.06896983973	
665						1.38375687135	
666						0.679894460806	
667						0.924233645865	
668						0.686183731702	
669						1.89292843048	
670						0.61052044304	
671						0.492686679297	
672						1.82644705593	
673						1.1774176565	
674						0.709725038466	
675						1.48606118924	
676						1.06306488967	
677						0.276148806271	
678						0.76759806737	
679						0.908189205546	
680						1.0458520455	
681						1.60795429023	
682						0.933256929423	
683						1.01692739819	
684						0.969675648435	
685						0.501420524968	
686						0.758735787791	
687						0.969455579186	
688						1.11211759455	
689						0.785463638315	
690						1.47342790655	
691						0.75326232525	
692						1.61331408919	
693						0.698486692414	
694						0.986309236852	
695						0.810082797177	
696						0.805946626076	
697						0.702465020395	
698						1.21616054161	
699						0.911327212093	
700						1.00453428812	
701						1.2070249289	
702						1.0954935194	
703						0.9126330127	
704						0.217441371258	
705						0.674636214815	
706						0.503844069524	
707						1.04244590592	
708						1.12294309812	
709						1.46925093063	
710						0.839598906783	
711						1.11553079403	
712						0.722836647099	
713						0.695972117297	
714						0.894062692043	
715						1.04466806044	
716						0.561256017744	
717						1.02673938996	
718						0.839677365826	
719						1.48384303738	
720						0.542766963114	
721						0.786950468888	
722						1.49739755058	
723						0.962834059355	
724						1.04166969138	
725						1.51931915678	
726						1.73351743313	
727						0.62314886282	
728						1.1790239735	
729						1.05433929592	
730						1.50855359393	
731						0.837222388569	
732						0.936972365911	
733						0.135972609164	
734						0.385595499274	
735						0.738399527323	
736						0.254793047437	
737						0.813140591246	
738						1.91827125648	
739						0.617194666005	
740						1.17577426679	
741						1.5311194338	
742						0.833271992616	
743						1.25672200953	
744						1.19846140031	
745						1.09716296949	
746						0.246016824588	
747						0.810573376947	
748						0.464917096854	
749						1.39097095367	
750						1.3094931967	
751						1.17360839398	
752						0.577923109084	
753						0.453378128568	
754						0.99933654465	
755						1.04043032745	
756						0.701336027957	
757						0.85924436303	
758						1.39609328533	
759						1.02371604432	
760						1.825603385	
761						1.64195036667	
762						0.520289440375	
763						1.29357410537	
764						0.374994584558	
765						1.36383387336	
766						1.38271069632	
767						1.32809402909	
768						1.83450862303	
769						1.63239424554	
770						0.695745016842	
771						0.802890814623	
772						1.41204905401	
773						0.789124386554	
774						0.331248050622	
775						1.43391682413	
776						0.331154160219	
777						1.53621340565	
778						1.26980217948	
779						0.876467862916	
780						0.626296832646	
781						1.17584237957	
782						1.72802485253	
783						1.81080109924	
784						0.432100991512	
785						1.29877742514	
786						0.853251741781	
787						1.11115936533	
788						0.917404455473	
789						0.412371970362	
790						0.576775847481	
791						1.63399900209	
792						0.234199401529	
793						1.06468176724	
794						1.87861570739	
795						1.27642435085	
796						1.15628957891	
797						1.12782791941	
798						1.00304825815	
799						1.57008299713	
800						0.581515664195	
801						1.02902214809	
802						1.44653175902	
803						1.79816949246	
804						0.681693486904	
805						0.277894090821	
806						0.69599965927	
807						1.48347567559	
808						1.03961199001	
809						0.511891595429	
810						1.49496604551	
811						1.29480571688	
812						1.38356197998	
813						1.48018711333	
814						0.584777590525	
815						1.31365840135	
816						1.6775759764	
817						0.77295793719	
818						0.240029375167	
819						1.19629618087	
820						0.521320511198	
821						0.587452807679	
822						1.0989873372	
823						1.30345801369	
824						0.912488836161	
825						0.113089186833	
826						0.995917902154	
827						1.15499223776	
828						1.10839482614	
829						0.627357635154	
830						0.665762930727	
831						0.524514890549	
832						0.983152265374	
833						0.906422283754	
834						0.529346346811	
835						1.2531960419	
836						1.57665658379	
837						1.22624459829	
838						0.784215039863	
839						0.581605939512	
840						0.941943278045	
841						0.712751236905	
842						1.24654785761	
843						0.840408270962	
844						0.654012269198	
845						0.850544143735	
846						0.47389359066	
847						1.23216875857	
848						0.605324688085	
849						1.24205669044	
850						1.69401376975	
851						0.892952413656	
852						0.875869265709	
853						1.43381034164	
854						0.842892009926	
855						0.702290250232	
856						1.04030869782	
857						1.28303427944	
858						0.67386545437	
859						0.936091713542	
860						0.925808692386	
861						0.868279663098	
862						1.55906751122	
863						1.15981097434	
864						0.908297101153	
865						1.13438950182	
866						0.180459143395	
867						0.96546876827	
868						0.807565435899	
869						0.409702661347	
870						1.16496964607	
871						0.566483304314	
872						0.441673658897	
873						1.15456145331	
874						0.847362267854	
875						0.433897129168	
876						1.45304319413	
877						1.1496592249	
878						1.18025076288	
879						0.686138852029	
880						0.935518741399	
881						1.19352648582	
882						0.957353250446	
883						1.16472102991	
884						0.661359228837	
885						1.1520549247	
886						0.297296121458	
887						1.01669793417	
888						0.835244068676	
889						1.31818901056	
890						1.07308863623	
891						1.32612472236	
892						1.13535928319	
893						1.48087598838	
894						1.82624414311	
895						0.540409130265	
896						1.08675872352	
897						0.369464986316	
898						0.480903695641	
899						1.57859142617	
900						0.484059719881	
901						0.932039557587	
902						1.14299946324	
903						1.00802939797	
904						0.199236982369	
905						1.35060820597	
906						1.24027563316	
907						0.574800999112	
908						0.758336813612	
909						1.20208259451	
910						1.39205940297	
911						0.685503431717	
912						1.00860943861	
913						1.39527837188	
914						0.567837736655	
915						0.757502429547	
916						0.949329351673	
917						1.24428038936	
918						1.32917577775	
919						1.03602692692	
920						1.27768722172	
921						1.44093008483	
922						1.69496957661	
923						1.6338947191	
924						0.321982456608	
925						1.24801232319	
926						1.02701871621	
927						0.358150416586	
928						1.00258313798	
929						1.53872718141	
930						0.441783603314	
931						0.835587842226	
932						0.553323252632	
933						0.691945144106	
934						1.05897647895	
935						0.868564315772	
936						0.992249800057	
937						1.28508760955	
938						1.71519508948	
939						1.29270573688	
940						0.507338355226	
941						0.966135847629	
942						1.01185814466	
943						0.336835823902	
944						1.15190352703	
945						0.801282256286	
946						0.933043652763	
947						1.39614605345	
948						1.35816372924	
949						0.750489271111	
950						0.863090627153	
951						0.955621406329	
952						0.571979181502	
953						1.92327808963	
954						1.25462459611	
955						0.74772779906	
956						1.1232806361	
957						1.86472201575	
958						1.38173195375	
959						1.53828751188	
960						1.47850678629	
961						1.60381681872	
962						0.893245283243	
963						1.2155585696	
964						1.59138183668	
965						0.559914118203	
966						1.30739823992	
967						1.02606323621	
968						0.838890594738	
969						1.41017401264	
970						0.713246828876	
971						1.49970753472	
972						0.29547243782	
973						0.797497122869	
974						0.234874455067	
975						0.905990865413	
976						1.470132329	
977						1.51267238001	
978						0.953238849528	
979						0.980521256211	
980						1.31294912607	
981						0.75336516784	
982						1.55887486751	
983						0.578629630503	
984						1.12296667019	
985						0.791332035753	
986						1.50599459213	
987						1.35372366796	
988						0.503049885636	
989						1.70798279224	
990						0.478253007615	
991						1.83199413734	
992						0.411657890074	
993						1.0686130201	
994						1.63694095368	
995						0.255471569603	
996						1.48149360801	
997						0.749738270197	
998						1.08433456572	
999						0.935966524474	
1000						0.488442374232	
1001	1.11111111111e+13	9.24321769723e+12	2013-06-05 17:49:45	1.01112132628e+13	2013-06-05 17:50:28	1.09390621253
1002	1.01112132628e+13	6.59456327972e+12	2013-06-05 17:51:31	4.09192021261e+12	2013-06-05 17:51:53	0.620499044295
1003	1.0011010101e+13	6.73881020589e+12	2013-06-05 17:53:30	1.07102328322e+12	2013-06-05 17:53:57	0.158933587754
1004	1.0201032202e+13	8.64305982087e+12	2013-06-05 17:57:00	4.0607101325e+12	2013-06-05 17:57:34	0.469823212689
1005	1.0203010201e+13	8.82343535089e+12	2013-06-05 17:58:40	4.06151730312e+12	2013-06-05 17:59:14	0.460310201367
1006	1.0202030123e+13	1.23389368514e+13	2013-06-05 18:00:49	1.03102126271e+12	2013-06-05 18:01:01	0.0835583547532
