03001				10111213262811
03002				04091920212612
03003				01071023283216
03004				04060710132503
03005				04061517303116
03006				01031021262706
03007				01091921232607
03008				05080914172308
03009				05091820223009
03010				01020813172413
03011				04051112303215
03012				02121617273012
03013				08131721233212
03014				03050708213102
03015				04111925263213
03016				11172830313306
03017				05081823253106
03018				05161920252813
03019				04081213163309
03020				07102526273204
03021				14151825263001
03022				02071112143208
03023				01102022263102
03024				02071517223014
03025				01051113142712
03026				08131526293116
03027				01111417272815
03028				06131620283207
03029				02071526293210
03030				02061314232707
03031				11172022283201
03032				04112527293013
03033				01071420273010
03034				08131416232514
03035				03040508101108
03036				07212425272815
03037				09141718263207
03038				05070824252716
03039				03052324273203
03040				04050612142316
03041				02031718242511
03042				03050710152007
03043				02081019203213
03044				02050916323315
03045				03071415173203
03046				07081011172611
03047				03172628323316
03048				10122028303109
03049				03060713242515
03050				02081723242613
03051				04131517242701
03052				01121323303111
03053				15192021282913
03054				02050921313312
03055				06131621283116
03056				08172126282907
03057				18192425303116
03058				09111628323302
03059				02030506183004
03060				02040617212811
03061				03052021283202
03062				01061219203214
03063				05080914213311
