1	0.8
2	0.8695652174
3	1.1111111111
4	1.25
5	0.8695652174
6	0.3174603175
7	0.5263157895
8	1.0714285714
9	1.1538461538
10	2.1428571429
11	0.3260869565
12	2
13	0.8641975309
14	0.4724409449
15	1.7647058824
16	1.3333333333
17	0.4615384615
18	1.1111111111
19	0.875
20	1.1111111111
21	0.4
22	2.2222222222
23	2
24	0.6870229008
25	10
26	0.7692307692
27	8.5714285714
28	5
29	2.6086956522
30	1.9047619048
31	1.3793103448
32	10
33	0.9523809524
34	1.25
35	1.5789473684
36	5
37	0.9459459459
38	1.8367346939
39	1.875
40	1.0112359551
41	0.8333333333
42	1
43	0.7058823529
44	0.4166666667
45	1.25
46	1.4166666667
47	1.25
48	2
49	1.1111111111
50	0.9090909091
51	0.7407407407
52	0.5405405405
53	2
54	0.6976744186
55	1
56	1.7647058824
57	4
58	1.0526315789
59	1.1764705882
60	1.1111111111
61	1.6666666667
62	20
63	6.6666666667
64	1.8181818182
65	0.4166666667
66	0.2325581395
67	0.7142857143
68	1.8181818182
69	0.3636363636
70	2.2222222222
71	1.7647058824
72	1.5
73	0.5128205128
74	0.8219178082
75	0.6666666667
76	1.3333333333
77	1.5384615385
78	2
79	1.1111111111
80	0.6976744186
81	0.4651162791
82	0.8333333333
83	0.625
84	0.5714285714
85	0.8888888889
86	0.6451612903
87	0.4705882353
88	0.8333333333
89	0.9090909091
90	1.1111111111
91	3.75
92	0.9836065574
93	2.7272727273
94	0.3947368421
95	1.8181818182
96	1.3333333333
97	1.5
98	0.625
99	1
100	0.6451612903
101	0.3738317757
102	10	20	2013-05-22 17:11:33
103	10	20	2013-05-22 17:13:29
104	10	20	2013-05-22 17:18:56
